  0.10000       1.0000     -0.96040E-02   2.7925      0.10000E+10   27669.          nan    
  0.10000       1.0000     -0.14508E-01   2.7925      0.10000E+10  0.29135E+06  -3.3768    
  0.10000       1.0000     -0.19412E-01   2.7925      0.10000E+10  0.39530E+06  -1.7839    
  0.10000       1.0000     -0.24316E-01   2.7925      0.10000E+10  0.45595E+06  -1.0677    
  0.10000       1.0000     -0.29220E-01   2.7925      0.10000E+10  0.50102E+06 -0.64139    
  0.10000       1.0000     -0.34124E-01   2.7925      0.10000E+10  0.53915E+06 -0.35063    
  0.10000       1.0000     -0.39028E-01   2.7925      0.10000E+10  0.57266E+06 -0.13543    
  0.10000       1.0000     -0.43932E-01   2.7925      0.10000E+10  0.60113E+06  0.32757E-01
  0.10000       1.0000     -0.48836E-01   2.7925      0.10000E+10  0.62264E+06  0.16944    
  0.10000       1.0000     -0.53740E-01   2.7925      0.10000E+10  0.63467E+06  0.28379    
  0.10000       1.0000     -0.58644E-01   2.7925      0.10000E+10  0.63488E+06  0.38165    
  0.10000       1.0000     -0.63548E-01   2.7925      0.10000E+10  0.62188E+06  0.46690    
  0.10000       1.0000     -0.68451E-01   2.7925      0.10000E+10  0.59590E+06  0.54225    
  0.10000       1.0000     -0.73355E-01   2.7925      0.10000E+10  0.55889E+06  0.60966    
  0.10000       1.0000     -0.78259E-01   2.7925      0.10000E+10  0.51402E+06  0.67058    
  0.10000       1.0000     -0.83163E-01   2.7925      0.10000E+10  0.46497E+06  0.72609    
  0.10000       1.0000     -0.88067E-01   2.7925      0.10000E+10  0.41511E+06  0.77705    
  0.10000       1.0000     -0.92971E-01   2.7925      0.10000E+10  0.36704E+06  0.82412    
  0.10000       1.0000     -0.97875E-01   2.7925      0.10000E+10  0.32245E+06  0.86786    
  0.10000       1.0000     -0.10278       2.7925      0.10000E+10  0.28221E+06  0.90867    
  0.10000       1.0000     -0.10768       2.7925      0.10000E+10  0.24660E+06  0.94694    
  0.10000       1.0000     -0.11259       2.7925      0.10000E+10  0.21549E+06  0.98294    
  0.10000       1.0000     -0.11749       2.7925      0.10000E+10  0.18853E+06   1.0169    
  0.10000       1.0000     -0.12240       2.7925      0.10000E+10  0.16528E+06   1.0491    
  0.10000       1.0000     -0.12730       2.7925      0.10000E+10  0.14529E+06   1.0797    
  0.10000       1.0000     -0.13220       2.7925      0.10000E+10  0.12810E+06   1.1088    
  0.10000       1.0000     -0.13711       2.7925      0.10000E+10  0.11330E+06   1.1366    
  0.10000       1.0000     -0.14201       2.7925      0.10000E+10  0.10055E+06   1.1632    
  0.10000       1.0000     -0.14691       2.7925      0.10000E+10   89530.       1.1886    
  0.10000       1.0000     -0.15182       2.7925      0.10000E+10   79982.       1.2131    
  0.10000       1.0000     -0.15672       2.7925      0.10000E+10   71683.       1.2366    
  0.10000       1.0000     -0.16163       2.7925      0.10000E+10   64446.       1.2592    
  0.10000       1.0000     -0.16653       2.7925      0.10000E+10   58116.       1.2810    
  0.10000       1.0000     -0.17143       2.7925      0.10000E+10   52560.       1.3020    
  0.10000       1.0000     -0.17634       2.7925      0.10000E+10   47668.       1.3224    
  0.10000       1.0000     -0.18124       2.7925      0.10000E+10   43347.       1.3420    
  0.10000       1.0000     -0.18615       2.7925      0.10000E+10   39518.       1.3611    
  0.10000       1.0000     -0.19105       2.7925      0.10000E+10   36115.       1.3796    
  0.10000       1.0000     -0.19595       2.7925      0.10000E+10   33081.       1.3975    
  0.10000       1.0000     -0.20086       2.7925      0.10000E+10   30370.       1.4150    
  0.10000       1.0000     -0.20576       2.7925      0.10000E+10   27939.       1.4319    
  0.10000       1.0000     -0.21067       2.7925      0.10000E+10   25755.       1.4484    
  0.10000       1.0000     -0.21557       2.7925      0.10000E+10   23787.       1.4644    
  0.10000       1.0000     -0.22047       2.7925      0.10000E+10   22009.       1.4800    
  0.10000       1.0000     -0.22538       2.7925      0.10000E+10   20400.       1.4953    
  0.10000       1.0000     -0.23028       2.7925      0.10000E+10   18940.       1.5101    
  0.10000       1.0000     -0.23519       2.7925      0.10000E+10   17613.       1.5246    
  0.10000       1.0000     -0.24009       2.7925      0.10000E+10   16404.       1.5388    
  0.10000       1.0000     -0.24499       2.7925      0.10000E+10   15300.       1.5526    
  0.10000       1.0000     -0.24990       2.7925      0.10000E+10   14290.       1.5662    
  0.10000       1.0000     -0.25480       2.7925      0.10000E+10   13365.       1.5794    
  0.10000       1.0000     -0.25971       2.7925      0.10000E+10   12516.       1.5923    
  0.10000       1.0000     -0.26461       2.7925      0.10000E+10   11736.       1.6050    
  0.10000       1.0000     -0.26951       2.7925      0.10000E+10   11017.       1.6174    
  0.10000       1.0000     -0.27442       2.7925      0.10000E+10   10354.       1.6296    
  0.10000       1.0000     -0.27932       2.7925      0.10000E+10   9741.8       1.6415    
  0.10000       1.0000     -0.28423       2.7925      0.10000E+10   9175.3       1.6532    
  0.10000       1.0000     -0.28913       2.7925      0.10000E+10   8650.6       1.6647    
  0.10000       1.0000     -0.29403       2.7925      0.10000E+10   8163.9       1.6759    
  0.10000       1.0000     -0.29894       2.7925      0.10000E+10   7711.9       1.6870    
  0.10000       1.0000     -0.30384       2.7925      0.10000E+10   7291.6       1.6978    
  0.10000       1.0000     -0.30875       2.7925      0.10000E+10   6900.3       1.7084    
  0.10000       1.0000     -0.31365       2.7925      0.10000E+10   6535.5       1.7189    
  0.10000       1.0000     -0.31855       2.7925      0.10000E+10   6195.1       1.7292    
  0.10000       1.0000     -0.32346       2.7925      0.10000E+10   5877.2       1.7393    
  0.10000       1.0000     -0.32836       2.7925      0.10000E+10   5579.8       1.7492    
  0.10000       1.0000     -0.33327       2.7925      0.10000E+10   5301.5       1.7589    
  0.10000       1.0000     -0.33817       2.7925      0.10000E+10   5040.7       1.7685    
  0.10000       1.0000     -0.34307       2.7925      0.10000E+10   4796.1       1.7780    
  0.10000       1.0000     -0.34798       2.7925      0.10000E+10   4566.4       1.7873    
  0.10000       1.0000     -0.35288       2.7925      0.10000E+10   4350.7       1.7964    
  0.10000       1.0000     -0.35779       2.7925      0.10000E+10   4147.7       1.8055    
  0.10000       1.0000     -0.36269       2.7925      0.10000E+10   3956.7       1.8143    
  0.10000       1.0000     -0.36759       2.7925      0.10000E+10   3776.8       1.8231    
  0.10000       1.0000     -0.37250       2.7925      0.10000E+10   3607.2       1.8317    
  0.10000       1.0000     -0.37740       2.7925      0.10000E+10   3447.2       1.8402    
  0.10000       1.0000     -0.38230       2.7925      0.10000E+10   3296.0       1.8485    
  0.10000       1.0000     -0.38721       2.7925      0.10000E+10   3153.3       1.8568    
  0.10000       1.0000     -0.39211       2.7925      0.10000E+10   3018.3       1.8649    
  0.10000       1.0000     -0.39702       2.7925      0.10000E+10   2890.5       1.8729    
  0.10000       1.0000     -0.40192       2.7925      0.10000E+10   2769.5       1.8808    
  0.10000       1.0000     -0.40682       2.7925      0.10000E+10   2654.9       1.8886    
  0.10000       1.0000     -0.41173       2.7925      0.10000E+10   2546.3       1.8963    
  0.10000       1.0000     -0.41663       2.7925      0.10000E+10   2443.2       1.9038    
  0.10000       1.0000     -0.42154       2.7925      0.10000E+10   2345.4       1.9113    
  0.10000       1.0000     -0.42644       2.7925      0.10000E+10   2252.4       1.9187    
  0.10000       1.0000     -0.43134       2.7925      0.10000E+10   2164.1       1.9260    
  0.10000       1.0000     -0.43625       2.7925      0.10000E+10   2080.1       1.9332    
  0.10000       1.0000     -0.44115       2.7925      0.10000E+10   2000.2       1.9403    
  0.10000       1.0000     -0.44606       2.7925      0.10000E+10   1924.1       1.9473    
  0.10000       1.0000     -0.45096       2.7925      0.10000E+10   1851.7       1.9542    
  0.10000       1.0000     -0.45586       2.7925      0.10000E+10   1782.6       1.9611    
  0.10000       1.0000     -0.46077       2.7925      0.10000E+10   1716.8       1.9678    
  0.10000       1.0000     -0.46567       2.7925      0.10000E+10   1654.0       1.9745    
  0.10000       1.0000     -0.47058       2.7925      0.10000E+10   1594.1       1.9811    
  0.10000       1.0000     -0.47548       2.7925      0.10000E+10   1536.9       1.9876    
  0.10000       1.0000     -0.48038       2.7925      0.10000E+10   1482.3       1.9940    
  0.10000       1.0000     -0.48529       2.7925      0.10000E+10   1430.0       2.0004    
  0.10000       1.0000     -0.49019       2.7925      0.10000E+10   1380.1       2.0067    
  0.10000       1.0000     -0.49510       2.7925      0.10000E+10   1332.3       2.0129    
  0.10000       1.0000     -0.50000       2.7925      0.10000E+10   1286.7       2.0190    
