 -0.960E-02   9.88     -0.940      0.684E-01   1.06       0.00       0.00      0.277E+05
 -0.145E-01   9.88     -0.940      0.394E-01   1.02       13.7      0.295E-03  0.291E+06
 -0.194E-01   9.88     -0.940      0.302E-01   1.01       27.4      0.589E-03  0.395E+06
 -0.243E-01   9.88     -0.940      0.241E-01  1.000       41.1      0.883E-03  0.456E+06
 -0.292E-01   9.88     -0.940      0.198E-01  0.991       54.8      0.118E-02  0.501E+06
 -0.341E-01   9.88     -0.940      0.165E-01  0.982       68.5      0.147E-02  0.539E+06
 -0.390E-01   9.88     -0.940      0.140E-01  0.975       82.1      0.176E-02  0.573E+06
 -0.439E-01   9.88     -0.940      0.121E-01  0.968       95.8      0.206E-02  0.601E+06
 -0.488E-01   9.88     -0.940      0.106E-01  0.962       109.      0.235E-02  0.623E+06
 -0.537E-01   9.88     -0.940      0.956E-02  0.956       123.      0.264E-02  0.635E+06
 -0.586E-01   9.88     -0.940      0.879E-02  0.950       137.      0.293E-02  0.635E+06
 -0.635E-01   9.88     -0.940      0.829E-02  0.945       150.      0.322E-02  0.622E+06
 -0.685E-01   9.88     -0.940      0.802E-02  0.940       164.      0.352E-02  0.596E+06
 -0.734E-01   9.88     -0.940      0.795E-02  0.935       177.      0.381E-02  0.559E+06
 -0.783E-01   9.88     -0.940      0.807E-02  0.930       191.      0.410E-02  0.514E+06
 -0.832E-01   9.88     -0.940      0.835E-02  0.925       204.      0.439E-02  0.465E+06
 -0.881E-01   9.88     -0.940      0.877E-02  0.921       218.      0.468E-02  0.415E+06
 -0.930E-01   9.88     -0.940      0.933E-02  0.916       231.      0.497E-02  0.367E+06
 -0.979E-01   9.88     -0.940      0.100E-01  0.912       245.      0.526E-02  0.322E+06
 -0.103       9.88     -0.940      0.108E-01  0.908       258.      0.555E-02  0.282E+06
 -0.108       9.88     -0.940      0.117E-01  0.904       272.      0.584E-02  0.247E+06
 -0.113       9.88     -0.940      0.127E-01  0.900       285.      0.612E-02  0.215E+06
 -0.117       9.88     -0.940      0.138E-01  0.896       299.      0.641E-02  0.189E+06
 -0.122       9.88     -0.940      0.149E-01  0.893       312.      0.670E-02  0.165E+06
 -0.127       9.88     -0.940      0.162E-01  0.889       325.      0.699E-02  0.145E+06
 -0.132       9.88     -0.940      0.175E-01  0.885       339.      0.727E-02  0.128E+06
 -0.137       9.88     -0.940      0.189E-01  0.882       352.      0.756E-02  0.113E+06
 -0.142       9.88     -0.940      0.203E-01  0.878       365.      0.785E-02  0.101E+06
 -0.147       9.88     -0.940      0.218E-01  0.875       379.      0.813E-02  0.895E+05
 -0.152       9.88     -0.940      0.234E-01  0.872       392.      0.842E-02  0.800E+05
 -0.157       9.88     -0.940      0.250E-01  0.868       405.      0.871E-02  0.717E+05
 -0.162       9.88     -0.940      0.267E-01  0.865       419.      0.899E-02  0.644E+05
 -0.167       9.88     -0.940      0.284E-01  0.862       432.      0.928E-02  0.581E+05
 -0.171       9.88     -0.940      0.302E-01  0.859       445.      0.956E-02  0.526E+05
 -0.176       9.88     -0.940      0.320E-01  0.856       459.      0.985E-02  0.477E+05
 -0.181       9.88     -0.940      0.339E-01  0.853       472.      0.101E-01  0.433E+05
 -0.186       9.88     -0.940      0.358E-01  0.850       485.      0.104E-01  0.395E+05
 -0.191       9.88     -0.940      0.377E-01  0.847       498.      0.107E-01  0.361E+05
 -0.196       9.88     -0.940      0.397E-01  0.844       511.      0.110E-01  0.331E+05
 -0.201       9.88     -0.940      0.417E-01  0.841       525.      0.113E-01  0.304E+05
 -0.206       9.88     -0.940      0.438E-01  0.838       538.      0.115E-01  0.279E+05
 -0.211       9.88     -0.940      0.459E-01  0.835       551.      0.118E-01  0.258E+05
 -0.216       9.88     -0.940      0.480E-01  0.832       564.      0.121E-01  0.238E+05
 -0.220       9.88     -0.940      0.501E-01  0.830       577.      0.124E-01  0.220E+05
 -0.225       9.88     -0.940      0.523E-01  0.827       590.      0.127E-01  0.204E+05
 -0.230       9.88     -0.940      0.545E-01  0.824       603.      0.130E-01  0.189E+05
 -0.235       9.88     -0.940      0.568E-01  0.822       616.      0.132E-01  0.176E+05
 -0.240       9.88     -0.940      0.591E-01  0.819       629.      0.135E-01  0.164E+05
 -0.245       9.88     -0.940      0.614E-01  0.816       642.      0.138E-01  0.153E+05
 -0.250       9.88     -0.940      0.637E-01  0.814       655.      0.141E-01  0.143E+05
 -0.255       9.88     -0.940      0.660E-01  0.811       668.      0.144E-01  0.134E+05
 -0.260       9.88     -0.940      0.684E-01  0.809       681.      0.146E-01  0.125E+05
 -0.265       9.88     -0.940      0.708E-01  0.806       694.      0.149E-01  0.117E+05
 -0.270       9.88     -0.940      0.732E-01  0.804       707.      0.152E-01  0.110E+05
 -0.274       9.88     -0.940      0.757E-01  0.801       720.      0.155E-01  0.104E+05
 -0.279       9.88     -0.940      0.782E-01  0.799       733.      0.157E-01  0.974E+04
 -0.284       9.88     -0.940      0.806E-01  0.796       746.      0.160E-01  0.918E+04
 -0.289       9.88     -0.940      0.832E-01  0.794       759.      0.163E-01  0.865E+04
 -0.294       9.88     -0.940      0.857E-01  0.792       772.      0.166E-01  0.816E+04
 -0.299       9.88     -0.940      0.882E-01  0.789       785.      0.169E-01  0.771E+04
 -0.304       9.88     -0.940      0.908E-01  0.787       798.      0.171E-01  0.729E+04
 -0.309       9.88     -0.940      0.934E-01  0.785       811.      0.174E-01  0.690E+04
 -0.314       9.88     -0.940      0.960E-01  0.782       823.      0.177E-01  0.654E+04
 -0.319       9.88     -0.940      0.986E-01  0.780       836.      0.180E-01  0.620E+04
 -0.323       9.88     -0.940      0.101      0.778       849.      0.182E-01  0.588E+04
 -0.328       9.88     -0.940      0.104      0.776       862.      0.185E-01  0.558E+04
 -0.333       9.88     -0.940      0.107      0.773       875.      0.188E-01  0.530E+04
 -0.338       9.88     -0.940      0.109      0.771       887.      0.191E-01  0.504E+04
 -0.343       9.88     -0.940      0.112      0.769       900.      0.193E-01  0.480E+04
 -0.348       9.88     -0.940      0.115      0.767       913.      0.196E-01  0.457E+04
 -0.353       9.88     -0.940      0.117      0.765       926.      0.199E-01  0.435E+04
 -0.358       9.88     -0.940      0.120      0.762       938.      0.201E-01  0.415E+04
 -0.363       9.88     -0.940      0.123      0.760       951.      0.204E-01  0.396E+04
 -0.368       9.88     -0.940      0.126      0.758       964.      0.207E-01  0.378E+04
 -0.372       9.88     -0.940      0.129      0.756       976.      0.210E-01  0.361E+04
 -0.377       9.88     -0.940      0.131      0.754       989.      0.212E-01  0.345E+04
 -0.382       9.88     -0.940      0.134      0.752      0.100E+04  0.215E-01  0.330E+04
 -0.387       9.88     -0.940      0.137      0.750      0.101E+04  0.218E-01  0.315E+04
 -0.392       9.88     -0.940      0.140      0.748      0.103E+04  0.221E-01  0.302E+04
 -0.397       9.88     -0.940      0.143      0.746      0.104E+04  0.223E-01  0.289E+04
 -0.402       9.88     -0.940      0.146      0.744      0.105E+04  0.226E-01  0.277E+04
 -0.407       9.88     -0.940      0.149      0.742      0.106E+04  0.229E-01  0.265E+04
 -0.412       9.88     -0.940      0.151      0.740      0.108E+04  0.231E-01  0.255E+04
 -0.417       9.88     -0.940      0.154      0.738      0.109E+04  0.234E-01  0.244E+04
 -0.422       9.88     -0.940      0.157      0.736      0.110E+04  0.237E-01  0.235E+04
 -0.426       9.88     -0.940      0.160      0.734      0.111E+04  0.239E-01  0.225E+04
 -0.431       9.88     -0.940      0.163      0.732      0.113E+04  0.242E-01  0.216E+04
 -0.436       9.88     -0.940      0.166      0.730      0.114E+04  0.245E-01  0.208E+04
 -0.441       9.88     -0.940      0.169      0.728      0.115E+04  0.247E-01  0.200E+04
 -0.446       9.88     -0.940      0.172      0.726      0.116E+04  0.250E-01  0.192E+04
 -0.451       9.88     -0.940      0.175      0.724      0.118E+04  0.253E-01  0.185E+04
 -0.456       9.88     -0.940      0.178      0.722      0.119E+04  0.255E-01  0.178E+04
 -0.461       9.88     -0.940      0.181      0.720      0.120E+04  0.258E-01  0.172E+04
 -0.466       9.88     -0.940      0.184      0.719      0.121E+04  0.261E-01  0.165E+04
 -0.471       9.88     -0.940      0.187      0.717      0.123E+04  0.263E-01  0.159E+04
 -0.475       9.88     -0.940      0.190      0.715      0.124E+04  0.266E-01  0.154E+04
 -0.480       9.88     -0.940      0.193      0.713      0.125E+04  0.269E-01  0.148E+04
 -0.485       9.88     -0.940      0.196      0.711      0.126E+04  0.271E-01  0.143E+04
 -0.490       9.88     -0.940      0.199      0.709      0.128E+04  0.274E-01  0.138E+04
 -0.495       9.88     -0.940      0.203      0.707      0.129E+04  0.277E-01  0.133E+04
 -0.500       9.88     -0.940      0.206      0.706      0.130E+04  0.279E-01  0.129E+04
