   0.249   1.950  -0.280   0.017         0.346     -7.971
   0.249   1.950  -0.280   0.175         3.483     -7.940
   0.249   1.950  -0.280   0.349         7.103     -7.845
   0.249   1.950  -0.280   0.524        11.001     -7.685
   0.249   1.950  -0.280   0.698        15.338     -7.461
   0.249   1.950  -0.280   0.873        20.291     -7.172
   0.249   1.950  -0.280   1.047        26.073     -6.815
   0.249   1.950  -0.280   1.222        32.931     -6.391
   0.249   1.950  -0.280   1.396        41.160     -5.897
   0.249   1.950  -0.280   1.571        51.098     -5.331
   0.249   1.950  -0.280   1.745        63.115     -4.692
   0.249   1.950  -0.280   1.920        77.554     -3.976
   0.249   1.950  -0.280   2.094        94.577     -3.185
   0.249   1.950  -0.280   2.269       113.766     -2.324
   0.249   1.950  -0.280   2.443       133.111     -1.412
   0.249   1.950  -0.280   2.618       146.688     -0.494
   0.249   1.950  -0.280   2.793       140.625      0.332
   0.249   1.950  -0.280   2.967        93.204      0.920
   0.249   1.950  -0.280   3.142         0.000***********
   0.249   1.950  -0.280   3.316       -93.204      0.920
   0.249   1.950  -0.280   3.491      -140.625      0.332
   0.249   1.950  -0.280   3.665      -146.688     -0.494
   0.249   1.950  -0.280   3.840      -133.111     -1.412
   0.249   1.950  -0.280   4.014      -113.766     -2.324
   0.249   1.950  -0.280   4.189       -94.577     -3.185
   0.249   1.950  -0.280   4.363       -77.554     -3.976
   0.249   1.950  -0.280   4.538       -63.115     -4.692
   0.249   1.950  -0.280   4.712       -51.098     -5.331
   0.249   1.950  -0.280   4.887       -41.160     -5.897
   0.249   1.950  -0.280   5.061       -32.931     -6.391
   0.249   1.950  -0.280   5.236       -26.073     -6.815
   0.249   1.950  -0.280   5.411       -20.291     -7.172
   0.249   1.950  -0.280   5.585       -15.338     -7.461
   0.249   1.950  -0.280   5.760       -11.001     -7.685
   0.249   1.950  -0.280   5.934        -7.103     -7.845
   0.249   1.950  -0.280   6.109        -3.483     -7.940
   0.249   1.950  -0.280   6.266        -0.346     -7.971
   0.249   1.950  -0.490   0.017         0.097     -8.695
   0.249   1.950  -0.490   0.175         0.983     -8.658
   0.249   1.950  -0.490   0.349         2.015     -8.543
   0.249   1.950  -0.490   0.524         3.151     -8.350
   0.249   1.950  -0.490   0.698         4.453     -8.079
   0.249   1.950  -0.490   0.873         5.998     -7.726
   0.249   1.950  -0.490   1.047         7.881     -7.289
   0.249   1.950  -0.490   1.222        10.231     -6.762
   0.249   1.950  -0.490   1.396        13.220     -6.139
   0.249   1.950  -0.490   1.571        17.085     -5.412
   0.249   1.950  -0.490   1.745        22.163     -4.566
   0.249   1.950  -0.490   1.920        28.936     -3.580
   0.249   1.950  -0.490   2.094        38.130     -2.420
   0.249   1.950  -0.490   2.269        50.880     -1.033
   0.249   1.950  -0.490   2.443        69.078      0.673
   0.249   1.950  -0.490   2.618        96.023      2.833
   0.249   1.950  -0.490   2.793       136.590      5.534
   0.249   1.950  -0.490   2.967       177.417      8.054
   0.249   1.950  -0.490   3.142         0.000***********
   0.249   1.950  -0.490   3.316      -177.417      8.054
   0.249   1.950  -0.490   3.491      -136.590      5.534
   0.249   1.950  -0.490   3.665       -96.023      2.833
   0.249   1.950  -0.490   3.840       -69.078      0.673
   0.249   1.950  -0.490   4.014       -50.880     -1.033
   0.249   1.950  -0.490   4.189       -38.130     -2.420
   0.249   1.950  -0.490   4.363       -28.936     -3.580
   0.249   1.950  -0.490   4.538       -22.163     -4.566
   0.249   1.950  -0.490   4.712       -17.085     -5.412
   0.249   1.950  -0.490   4.887       -13.220     -6.139
   0.249   1.950  -0.490   5.061       -10.231     -6.762
   0.249   1.950  -0.490   5.236        -7.881     -7.289
   0.249   1.950  -0.490   5.411        -5.998     -7.726
   0.249   1.950  -0.490   5.585        -4.453     -8.079
   0.249   1.950  -0.490   5.760        -3.151     -8.350
   0.249   1.950  -0.490   5.934        -2.015     -8.543
   0.249   1.950  -0.490   6.109        -0.983     -8.658
   0.249   1.950  -0.490   6.266        -0.097     -8.695
   0.450   2.800  -0.300   1.571         2.553    -22.701
   0.450   2.800  -0.400   1.571         3.003    -12.559
   0.450   2.800  -0.500   1.571         2.304    -11.099
   0.450   2.800  -0.600   1.571         1.689    -10.587
   0.450   2.800  -0.700   1.571         1.237    -10.325
   0.450   2.800  -0.800   1.571         0.916    -10.168
   0.450   2.800  -0.900   1.571         0.687    -10.067
   0.450   2.800  -1.000   1.571         0.522     -9.996
   0.450   2.800  -1.100   1.571         0.402     -9.954
   0.450   2.800  -1.200   1.571         0.313     -9.927
   0.450   2.800  -1.300   1.571         0.247     -9.909
   0.460   3.300  -0.300   1.571         0.665    -39.628
   0.460   3.300  -0.400   1.571         2.382    -12.199
   0.460   3.300  -0.500   1.571         1.905    -10.309
   0.460   3.300  -0.600   1.571         1.414     -9.752
   0.460   3.300  -0.700   1.571         1.041     -9.487
   0.460   3.300  -0.800   1.571         0.772     -9.336
   0.460   3.300  -0.900   1.571         0.579     -9.244
   0.460   3.300  -1.000   1.571         0.440     -9.181
   0.460   3.300  -1.100   1.571         0.339     -9.148
   0.460   3.300  -1.200   1.571         0.264     -9.128
   0.460   3.300  -1.300   1.571         0.208     -9.117
   0.460   3.700  -0.400   1.571         2.313    -10.742
   0.460   3.700  -0.500   1.571         1.848     -8.986
   0.460   3.700  -0.600   1.571         1.362     -8.499
   0.460   3.700  -0.700   1.571         0.995     -8.286
   0.460   3.700  -0.800   1.571         0.732     -8.179
   0.460   3.700  -0.900   1.571         0.546     -8.124
   0.460   3.700  -1.000   1.571         0.412     -8.095
   0.460   3.700  -1.100   1.571         0.315     -8.091
   0.460   3.700  -1.200   1.571         0.244     -8.098
   0.460   3.700  -1.300   1.571         0.191     -8.111
   0.350   2.300  -0.300   1.571        14.132     -9.233
   0.350   2.300  -0.400   1.571         9.262     -8.713
   0.350   2.300  -0.500   1.571         6.126     -8.518
   0.350   2.300  -0.600   1.571         4.153     -8.434
   0.350   2.300  -0.700   1.571         2.887     -8.401
   0.350   2.300  -0.800   1.571         2.054     -8.398
   0.350   2.300  -0.900   1.571         1.492     -8.411
   0.350   2.300  -1.000   1.571         1.104     -8.433
   0.350   2.300  -1.100   1.571         0.830     -8.470
   0.350   2.300  -1.200   1.571         0.634     -8.511
   0.350   2.300  -1.300   1.571         0.490     -8.555
   0.360   2.700  -0.300   1.571        11.928     -8.362
   0.360   2.700  -0.400   1.571         7.910     -7.821
   0.360   2.700  -0.500   1.571         5.245     -7.641
   0.360   2.700  -0.600   1.571         3.556     -7.574
   0.360   2.700  -0.700   1.571         2.471     -7.558
   0.360   2.700  -0.800   1.571         1.757     -7.569
   0.360   2.700  -0.900   1.571         1.275     -7.595
   0.360   2.700  -1.000   1.571         0.943     -7.628
   0.360   2.700  -1.100   1.571         0.709     -7.674
   0.360   2.700  -1.200   1.571         0.541     -7.723
   0.360   2.700  -1.300   1.571         0.419     -7.773
   0.360   3.000  -0.300   1.571        11.880     -6.979
   0.360   3.000  -0.400   1.571         7.770     -6.540
   0.360   3.000  -0.500   1.571         5.088     -6.431
   0.360   3.000  -0.600   1.571         3.411     -6.422
   0.360   3.000  -0.700   1.571         2.347     -6.454
   0.360   3.000  -0.800   1.571         1.655     -6.506
   0.360   3.000  -0.900   1.571         1.193     -6.568
   0.360   3.000  -1.000   1.571         0.877     -6.632
   0.360   3.000  -1.100   1.571         0.656     -6.706
   0.360   3.000  -1.200   1.571         0.498     -6.779
   0.360   3.000  -1.300   1.571         0.384     -6.851
   0.250   1.700  -0.200   1.571        84.413     -6.903
   0.250   1.700  -0.300   1.571        46.976     -6.623
   0.250   1.700  -0.400   1.571        27.658     -6.581
   0.250   1.700  -0.500   1.571        17.141     -6.614
   0.250   1.700  -0.600   1.571        11.082     -6.679
   0.250   1.700  -0.700   1.571         7.418     -6.761
   0.250   1.700  -0.800   1.571         5.113     -6.852
   0.250   1.700  -0.900   1.571         3.614     -6.947
   0.250   1.700  -1.000   1.571         2.609     -7.041
   0.250   1.700  -1.100   1.571         1.919     -7.145
   0.250   1.700  -1.200   1.571         1.436     -7.246
   0.250   1.700  -1.300   1.571         1.090     -7.346
   0.250   1.900  -0.200   1.571        82.098     -5.869
   0.250   1.900  -0.300   1.571        45.307     -5.657
   0.250   1.900  -0.400   1.571        26.501     -5.658
   0.250   1.900  -0.500   1.571        16.343     -5.723
   0.250   1.900  -0.600   1.571        10.528     -5.815
   0.250   1.900  -0.700   1.571         7.030     -5.917
   0.250   1.900  -0.800   1.571         4.838     -6.024
   0.250   1.900  -0.900   1.571         3.416     -6.132
   0.250   1.900  -1.000   1.571         2.465     -6.237
   0.250   1.900  -1.100   1.571         1.814     -6.348
   0.250   1.900  -1.200   1.571         1.358     -6.456
   0.250   1.900  -1.300   1.571         1.032     -6.560
   0.250   2.200  -0.200   1.571        82.583     -3.749
   0.250   2.200  -0.300   1.571        44.004     -3.726
   0.250   2.200  -0.400   1.571        25.055     -3.863
   0.250   2.200  -0.500   1.571        15.132     -4.034
   0.250   2.200  -0.600   1.571         9.589     -4.210
   0.250   2.200  -0.700   1.571         6.320     -4.382
   0.250   2.200  -0.800   1.571         4.305     -4.546
   0.250   2.200  -0.900   1.571         3.015     -4.701
   0.250   2.200  -1.000   1.571         2.162     -4.846
   0.250   2.200  -1.100   1.571         1.583     -4.990
   0.250   2.200  -1.200   1.571         1.181     -5.126
   0.250   2.200  -1.300   1.571         0.895     -5.254
   0.130   1.200  -0.200   1.571       600.928      0.079
   0.130   1.200  -0.300   1.571       272.166     -0.419
   0.130   1.200  -0.400   1.571       140.562     -0.850
   0.130   1.200  -0.500   1.571        79.297     -1.224
   0.130   1.200  -0.600   1.571        47.727     -1.551
   0.130   1.200  -0.700   1.571        30.199     -1.844
   0.130   1.200  -0.800   1.571        19.891     -2.107
   0.130   1.200  -0.900   1.571        13.541     -2.346
   0.130   1.200  -1.000   1.571         9.478     -2.563
   0.130   1.200  -1.100   1.571         6.793     -2.771
   0.130   1.200  -1.200   1.571         4.969     -2.963
   0.130   1.200  -1.300   1.571         3.701     -3.143
   0.170   1.400  -0.200   1.571       285.353     -2.901
   0.170   1.400  -0.300   1.571       140.729     -3.067
   0.170   1.400  -0.400   1.571        76.796     -3.279
   0.170   1.400  -0.500   1.571        45.032     -3.495
   0.170   1.400  -0.600   1.571        27.887     -3.705
   0.170   1.400  -0.700   1.571        18.032     -3.905
   0.170   1.400  -0.800   1.571        12.079     -4.095
   0.170   1.400  -0.900   1.571         8.334     -4.275
   0.170   1.400  -1.000   1.571         5.895     -4.443
   0.170   1.400  -1.100   1.571         4.262     -4.611
   0.170   1.400  -1.200   1.571         3.139     -4.770
   0.170   1.400  -1.300   1.571         2.351     -4.921
   0.180   1.600  -0.200   1.571       236.743     -1.934
   0.180   1.600  -0.300   1.571       115.263     -2.195
   0.180   1.600  -0.400   1.571        62.323     -2.477
   0.180   1.600  -0.500   1.571        36.319     -2.746
   0.180   1.600  -0.600   1.571        22.401     -2.995
   0.180   1.600  -0.700   1.571        14.451     -3.225
   0.180   1.600  -0.800   1.571         9.669     -3.438
   0.180   1.600  -0.900   1.571         6.669     -3.635
   0.180   1.600  -1.000   1.571         4.721     -3.816
   0.180   1.600  -1.100   1.571         3.416     -3.993
   0.180   1.600  -1.200   1.571         2.521     -4.158
   0.180   1.600  -1.300   1.571         1.892     -4.313
