   0.249   1.950  -0.280   0.017        28.464     -9.145
   0.249   1.950  -0.280   0.175        28.906     -9.113
   0.249   1.950  -0.280   0.349        30.280     -9.018
   0.249   1.950  -0.280   0.524        32.692     -8.859
   0.249   1.950  -0.280   0.698        36.342     -8.638
   0.249   1.950  -0.280   0.873        41.547     -8.358
   0.249   1.950  -0.280   1.047        48.787     -8.020
   0.249   1.950  -0.280   1.222        58.778     -7.628
   0.249   1.950  -0.280   1.396        72.590     -7.183
   0.249   1.950  -0.280   1.571        91.841     -6.690
   0.249   1.950  -0.280   1.745       119.011     -6.154
   0.249   1.950  -0.280   1.920       157.960     -5.583
   0.249   1.950  -0.280   2.094       214.778     -4.987
   0.249   1.950  -0.280   2.269       299.064     -4.384
   0.249   1.950  -0.280   2.443       425.342     -3.796
   0.249   1.950  -0.280   2.618       612.061     -3.255
   0.249   1.950  -0.280   2.793       867.515     -2.801
   0.249   1.950  -0.280   2.967      1140.212     -2.482
   0.249   1.950  -0.280   3.142      1270.092     -2.364
   0.249   1.950  -0.280   3.316      1140.212     -2.482
   0.249   1.950  -0.280   3.491       867.515     -2.801
   0.249   1.950  -0.280   3.665       612.061     -3.255
   0.249   1.950  -0.280   3.840       425.342     -3.796
   0.249   1.950  -0.280   4.014       299.064     -4.384
   0.249   1.950  -0.280   4.189       214.778     -4.987
   0.249   1.950  -0.280   4.363       157.960     -5.583
   0.249   1.950  -0.280   4.538       119.011     -6.154
   0.249   1.950  -0.280   4.712        91.841     -6.690
   0.249   1.950  -0.280   4.887        72.590     -7.183
   0.249   1.950  -0.280   5.061        58.778     -7.628
   0.249   1.950  -0.280   5.236        48.787     -8.020
   0.249   1.950  -0.280   5.411        41.547     -8.358
   0.249   1.950  -0.280   5.585        36.342     -8.638
   0.249   1.950  -0.280   5.760        32.692     -8.859
   0.249   1.950  -0.280   5.934        30.280     -9.018
   0.249   1.950  -0.280   6.109        28.906     -9.113
   0.249   1.950  -0.280   6.266        28.464     -9.145
   0.249   1.950  -0.490   0.017         6.711     -9.792
   0.249   1.950  -0.490   0.175         6.819     -9.757
   0.249   1.950  -0.490   0.349         7.158     -9.649
   0.249   1.950  -0.490   0.524         7.759     -9.469
   0.249   1.950  -0.490   0.698         8.684     -9.216
   0.249   1.950  -0.490   0.873        10.033     -8.889
   0.249   1.950  -0.490   1.047        11.962     -8.489
   0.249   1.950  -0.490   1.222        14.718     -8.013
   0.249   1.950  -0.490   1.396        18.693     -7.461
   0.249   1.950  -0.490   1.571        24.523     -6.832
   0.249   1.950  -0.490   1.745        33.284     -6.125
   0.249   1.950  -0.490   1.920        46.870     -5.340
   0.249   1.950  -0.490   2.094        68.826     -4.475
   0.249   1.950  -0.490   2.269       106.332     -3.530
   0.249   1.950  -0.490   2.443       175.583     -2.509
   0.249   1.950  -0.490   2.618       318.956     -1.413
   0.249   1.950  -0.490   2.793       671.265     -0.234
   0.249   1.950  -0.490   2.967      1729.911      0.933
   0.249   1.950  -0.490   3.142      3484.190      1.345
   0.249   1.950  -0.490   3.316      1729.911      0.933
   0.249   1.950  -0.490   3.491       671.265     -0.234
   0.249   1.950  -0.490   3.665       318.956     -1.413
   0.249   1.950  -0.490   3.840       175.583     -2.509
   0.249   1.950  -0.490   4.014       106.332     -3.530
   0.249   1.950  -0.490   4.189        68.826     -4.475
   0.249   1.950  -0.490   4.363        46.870     -5.340
   0.249   1.950  -0.490   4.538        33.284     -6.125
   0.249   1.950  -0.490   4.712        24.523     -6.832
   0.249   1.950  -0.490   4.887        18.693     -7.461
   0.249   1.950  -0.490   5.061        14.718     -8.013
   0.249   1.950  -0.490   5.236        11.962     -8.489
   0.249   1.950  -0.490   5.411        10.033     -8.889
   0.249   1.950  -0.490   5.585         8.684     -9.216
   0.249   1.950  -0.490   5.760         7.759     -9.469
   0.249   1.950  -0.490   5.934         7.158     -9.649
   0.249   1.950  -0.490   6.109         6.819     -9.757
   0.249   1.950  -0.490   6.266         6.711     -9.792
   0.450   2.800  -0.300   1.571        14.110    -18.201
   0.450   2.800  -0.400   1.571         7.557     -9.202
   0.450   2.800  -0.500   1.571         4.253     -9.555
   0.450   2.800  -0.600   1.571         2.505     -9.914
   0.450   2.800  -0.700   1.571         1.533    -10.280
   0.450   2.800  -0.800   1.571         0.970    -10.654
   0.450   2.800  -0.900   1.571         0.632    -11.034
   0.450   2.800  -1.000   1.571         0.422    -11.412
   0.450   2.800  -1.100   1.571         0.289    -11.794
   0.450   2.800  -1.200   1.571         0.202    -12.163
   0.450   2.800  -1.300   1.571         0.144    -12.509
   0.460   3.300  -0.300   1.571        14.852    -34.992
   0.460   3.300  -0.400   1.571         8.419     -8.770
   0.460   3.300  -0.500   1.571         4.950     -8.933
   0.460   3.300  -0.600   1.571         3.032     -9.092
   0.460   3.300  -0.700   1.571         1.927     -9.247
   0.460   3.300  -0.800   1.571         1.264     -9.395
   0.460   3.300  -0.900   1.571         0.853     -9.537
   0.460   3.300  -1.000   1.571         0.590     -9.667
   0.460   3.300  -1.100   1.571         0.417     -9.797
   0.460   3.300  -1.200   1.571         0.301     -9.914
   0.460   3.300  -1.300   1.571         0.221    -10.019
   0.460   3.700  -0.400   1.571        10.411     -8.055
   0.460   3.700  -0.500   1.571         6.235     -8.139
   0.460   3.700  -0.600   1.571         3.874     -8.226
   0.460   3.700  -0.700   1.571         2.493     -8.310
   0.460   3.700  -0.800   1.571         1.655     -8.390
   0.460   3.700  -0.900   1.571         1.130     -8.466
   0.460   3.700  -1.000   1.571         0.790     -8.532
   0.460   3.700  -1.100   1.571         0.564     -8.600
   0.460   3.700  -1.200   1.571         0.410     -8.661
   0.460   3.700  -1.300   1.571         0.304     -8.714
   0.350   2.300  -0.300   1.571        24.586     -8.890
   0.350   2.300  -0.400   1.571        13.074     -9.116
   0.350   2.300  -0.500   1.571         7.388     -9.364
   0.350   2.300  -0.600   1.571         4.395     -9.613
   0.350   2.300  -0.700   1.571         2.728     -9.856
   0.350   2.300  -0.800   1.571         1.755    -10.087
   0.350   2.300  -0.900   1.571         1.165    -10.305
   0.350   2.300  -1.000   1.571         0.794    -10.502
   0.350   2.300  -1.100   1.571         0.555    -10.689
   0.350   2.300  -1.200   1.571         0.396    -10.852
   0.350   2.300  -1.300   1.571         0.289    -10.989
   0.360   2.700  -0.300   1.571        27.696     -8.171
   0.360   2.700  -0.400   1.571        15.168     -8.245
   0.360   2.700  -0.500   1.571         8.770     -8.354
   0.360   2.700  -0.600   1.571         5.322     -8.472
   0.360   2.700  -0.700   1.571         3.365     -8.590
   0.360   2.700  -0.800   1.571         2.202     -8.704
   0.360   2.700  -0.900   1.571         1.485     -8.812
   0.360   2.700  -1.000   1.571         1.027     -8.910
   0.360   2.700  -1.100   1.571         0.727     -9.008
   0.360   2.700  -1.200   1.571         0.525     -9.097
   0.360   2.700  -1.300   1.571         0.386     -9.176
   0.360   3.000  -0.300   1.571        35.377     -7.273
   0.360   3.000  -0.400   1.571        19.479     -7.291
   0.360   3.000  -0.500   1.571        11.298     -7.355
   0.360   3.000  -0.600   1.571         6.875     -7.432
   0.360   3.000  -0.700   1.571         4.358     -7.514
   0.360   3.000  -0.800   1.571         2.861     -7.595
   0.360   3.000  -0.900   1.571         1.934     -7.673
   0.360   3.000  -1.000   1.571         1.342     -7.745
   0.360   3.000  -1.100   1.571         0.953     -7.820
   0.360   3.000  -1.200   1.571         0.690     -7.890
   0.360   3.000  -1.300   1.571         0.508     -7.954
   0.250   1.700  -0.200   1.571       133.000     -7.824
   0.250   1.700  -0.300   1.571        62.005     -7.853
   0.250   1.700  -0.400   1.571        32.067     -7.983
   0.250   1.700  -0.500   1.571        17.924     -8.136
   0.250   1.700  -0.600   1.571        10.630     -8.291
   0.250   1.700  -0.700   1.571         6.608     -8.440
   0.250   1.700  -0.800   1.571         4.269     -8.581
   0.250   1.700  -0.900   1.571         2.849     -8.711
   0.250   1.700  -1.000   1.571         1.954     -8.829
   0.250   1.700  -1.100   1.571         1.373     -8.943
   0.250   1.700  -1.200   1.571         0.986     -9.046
   0.250   1.700  -1.300   1.571         0.721     -9.136
   0.250   1.900  -0.200   1.571       158.076     -7.018
   0.250   1.900  -0.300   1.571        74.230     -6.970
   0.250   1.900  -0.400   1.571        38.591     -7.036
   0.250   1.900  -0.500   1.571        21.673     -7.136
   0.250   1.900  -0.600   1.571        12.914     -7.245
   0.250   1.900  -0.700   1.571         8.064     -7.357
   0.250   1.900  -0.800   1.571         5.232     -7.466
   0.250   1.900  -0.900   1.571         3.505     -7.572
   0.250   1.900  -1.000   1.571         2.413     -7.671
   0.250   1.900  -1.100   1.571         1.701     -7.773
   0.250   1.900  -1.200   1.571         1.225     -7.868
   0.250   1.900  -1.300   1.571         0.898     -7.957
   0.250   2.200  -0.200   1.571       233.297     -5.534
   0.250   2.200  -0.300   1.571       107.464     -5.473
   0.250   2.200  -0.400   1.571        55.010     -5.529
   0.250   2.200  -0.500   1.571        30.537     -5.620
   0.250   2.200  -0.600   1.571        18.039     -5.724
   0.250   2.200  -0.700   1.571        11.193     -5.831
   0.250   2.200  -0.800   1.571         7.230     -5.938
   0.250   2.200  -0.900   1.571         4.828     -6.043
   0.250   2.200  -1.000   1.571         3.317     -6.142
   0.250   2.200  -1.100   1.571         2.335     -6.245
   0.250   2.200  -1.200   1.571         1.679     -6.342
   0.250   2.200  -1.300   1.571         1.230     -6.435
   0.130   1.200  -0.200   1.571      1573.979     -2.478
   0.130   1.200  -0.300   1.571       623.680     -2.588
   0.130   1.200  -0.400   1.571       294.065     -2.750
   0.130   1.200  -0.500   1.571       154.884     -2.926
   0.130   1.200  -0.600   1.571        88.220     -3.103
   0.130   1.200  -0.700   1.571        53.305     -3.275
   0.130   1.200  -0.800   1.571        33.741     -3.442
   0.130   1.200  -0.900   1.571        22.179     -3.601
   0.130   1.200  -1.000   1.571        15.045     -3.751
   0.130   1.200  -1.100   1.571        10.481     -3.903
   0.130   1.200  -1.200   1.571         7.471     -4.047
   0.130   1.200  -1.300   1.571         5.433     -4.184
   0.170   1.400  -0.200   1.571       562.120     -4.778
   0.170   1.400  -0.300   1.571       241.542     -4.796
   0.170   1.400  -0.400   1.571       119.649     -4.890
   0.170   1.400  -0.500   1.571        65.131     -5.010
   0.170   1.400  -0.600   1.571        37.967     -5.140
   0.170   1.400  -0.700   1.571        23.329     -5.273
   0.170   1.400  -0.800   1.571        14.952     -5.406
   0.170   1.400  -0.900   1.571         9.920     -5.536
   0.170   1.400  -1.000   1.571         6.777     -5.660
   0.170   1.400  -1.100   1.571         4.746     -5.788
   0.170   1.400  -1.200   1.571         3.396     -5.912
   0.170   1.400  -1.300   1.571         2.477     -6.030
   0.180   1.600  -0.200   1.571       597.514     -4.147
   0.180   1.600  -0.300   1.571       253.901     -4.172
   0.180   1.600  -0.400   1.571       124.654     -4.275
   0.180   1.600  -0.500   1.571        67.415     -4.403
   0.180   1.600  -0.600   1.571        39.118     -4.539
   0.180   1.600  -0.700   1.571        23.961     -4.676
   0.180   1.600  -0.800   1.571        15.325     -4.810
   0.180   1.600  -0.900   1.571        10.156     -4.942
   0.180   1.600  -1.000   1.571         6.934     -5.066
   0.180   1.600  -1.100   1.571         4.857     -5.193
   0.180   1.600  -1.200   1.571         3.477     -5.315
   0.180   1.600  -1.300   1.571         2.538     -5.432
